1649340616832 0.7468119263648987 0
1649340633961 0.7962273955345154 1
1649340652913 0.7962273955345154 2
1649340671146 0.7962273955345154 3
1649340688792 0.8158873319625854 4
1649340707600 0.8541445136070251 5
1649340725672 0.8594580292701721 6
1649340743057 0.8676939606666565 7
1649340760255 0.8764612078666687 8
1649340778771 0.8908076286315918 9
1649340796974 0.9022316932678223 10
1649340814837 0.913390040397644 11
1649340832489 0.9293305277824402 12
1649340850484 0.9460679888725281 13
1649340868830 0.9473963975906372 14
1649340886655 0.9596174359321594 15
1649340904877 0.9628055095672607 16
1649340922344 0.9651966094970703 17
1649340940039 0.9715728163719177 18
1649340958310 0.978214681148529 19
1649340976820 0.9811370968818665 20
1649340994373 0.981934130191803 21
1649341012182 0.9816684126853943 22
1649341030317 0.9843251705169678 23
1649341048311 0.9853878617286682 24
1649341066224 0.9877789616584778 25
1649341084501 0.9867162704467773 26
1649341101803 0.9867162704467773 27
1649341119996 0.9891073107719421 28
1649341138428 0.9883103370666504 29
