1649340616832 0.5901784300804138 0
1649340633961 0.49110957980155945 1
1649340652913 0.4518650770187378 2
1649340671146 0.4239044785499573 3
1649340688792 0.4030598998069763 4
1649340707600 0.3824006915092468 5
1649340725672 0.3564612865447998 6
1649340743057 0.32904213666915894 7
1649340760255 0.3048570454120636 8
1649340778771 0.2755763828754425 9
1649340796974 0.25234779715538025 10
1649340814837 0.22159625589847565 11
1649340832489 0.1919870525598526 12
1649340850484 0.15296436846256256 13
1649340868830 0.1419278085231781 14
1649340886655 0.11862187832593918 15
1649340904877 0.10183244198560715 16
1649340922344 0.1012190580368042 17
1649340940039 0.07976443320512772 18
1649340958310 0.06711374968290329 19
1649340976820 0.05742144212126732 20
1649340994373 0.052863188087940216 21
1649341012182 0.056141674518585205 22
1649341030317 0.044578809291124344 23
1649341048311 0.045646823942661285 24
1649341066224 0.038701318204402924 25
1649341084501 0.03882993757724762 26
1649341101803 0.03722917288541794 27
1649341119996 0.03345568850636482 28
1649341138428 0.03649451956152916 29
