1649346526325 0.730074405670166 0
1649346527842 0.7962273955345154 1
1649346529316 0.7962273955345154 2
1649346530798 0.7962273955345154 3
1649346532310 0.812964916229248 4
1649346533810 0.8530818223953247 5
1649346535275 0.8602550625801086 6
1649346536761 0.8674282431602478 7
1649346538222 0.8812433481216431 8
1649346539749 0.8931987285614014 9
1649346541248 0.9043570756912231 10
1649346542742 0.9144527316093445 11
1649346544224 0.9314559102058411 12
1649346545775 0.947927713394165 13
1649346547309 0.9588204026222229 14
1649346548839 0.9665249586105347 15
1649346550321 0.9686504006385803 16
1649346551778 0.9734325408935547 17
1649346553234 0.9776833057403564 18
1649346554739 0.9790117144584656 19
1649346556279 0.9824654459953308 20
1649346557780 0.9829968214035034 21
1649346559270 0.9829968214035034 22
1649346560769 0.9832624793052673 23
1649346562233 0.9867162704467773 24
1649346563768 0.9853878617286682 25
1649346565236 0.9856535792350769 26
1649346566671 0.9872475862503052 27
1649346568174 0.9877789616584778 28
1649346569690 0.9904357194900513 29
