1649346526325 0.5905662775039673 0
1649346527842 0.49231231212615967 1
1649346529316 0.4529869556427002 2
1649346530798 0.4230544865131378 3
1649346532310 0.4045611023902893 4
1649346533810 0.377421498298645 5
1649346535275 0.3519943058490753 6
1649346536761 0.32593202590942383 7
1649346538222 0.2998761534690857 8
1649346539749 0.27207013964653015 9
1649346541248 0.24449999630451202 10
1649346542742 0.21995753049850464 11
1649346544224 0.18513286113739014 12
1649346545775 0.15586748719215393 13
1649346547309 0.12034699320793152 14
1649346548839 0.09847067296504974 15
1649346550321 0.08927452564239502 16
1649346551778 0.08222045004367828 17
1649346553234 0.07033584266901016 18
1649346554739 0.06757940351963043 19
1649346556279 0.05466700345277786 20
1649346557780 0.05395882949233055 21
1649346559270 0.054551515728235245 22
1649346560769 0.04707132652401924 23
1649346562233 0.04143737629055977 24
1649346563768 0.048660241067409515 25
1649346565236 0.04173107072710991 26
1649346566671 0.037348996847867966 27
1649346568174 0.03594182804226875 28
1649346569690 0.03075779788196087 29
