1649341820335 0.7112115025520325 0
1649341821931 0.7962273955345154 1
1649341823510 0.7962273955345154 2
1649341825026 0.7962273955345154 3
1649341826552 0.8060573935508728 4
1649341828057 0.8541445136070251 5
1649341829562 0.8637087941169739 6
1649341831100 0.8679596185684204 7
1649341832635 0.8761955499649048 8
1649341834151 0.8860254883766174 9
1649341835653 0.9075451493263245 10
1649341837138 0.9192348718643188 11
1649341838709 0.9325186014175415 12
1649341840227 0.9402231574058533 13
1649341841693 0.9601487517356873 14
1649341843171 0.9665249586105347 15
1649341844592 0.9659936428070068 16
1649341846115 0.9689160585403442 17
1649341847606 0.974760890007019 18
1649341849119 0.980074405670166 19
1649341850618 0.9763549566268921 20
1649341852142 0.9816684126853943 21
1649341853648 0.9816684126853943 22
1649341855145 0.9840595126152039 23
1649341856672 0.9856535792350769 24
1649341858179 0.9859192371368408 25
1649341859695 0.9856535792350769 26
1649341861172 0.9880446195602417 27
1649341862679 0.9893730282783508 28
1649341864196 0.9861848950386047 29
