1649341820335 0.5942186713218689 0
1649341821931 0.49508190155029297 1
1649341823510 0.4609421491622925 2
1649341825026 0.42594555020332336 3
1649341826552 0.4035258889198303 4
1649341828057 0.38347527384757996 5
1649341829562 0.3592053949832916 6
1649341831100 0.3290637135505676 7
1649341832635 0.30836325883865356 8
1649341834151 0.2927616536617279 9
1649341835653 0.2504233419895172 10
1649341837138 0.21649974584579468 11
1649341838709 0.18208152055740356 12
1649341840227 0.16458600759506226 13
1649341841693 0.12389301508665085 14
1649341843171 0.10211451351642609 15
1649341844592 0.09391215443611145 16
1649341846115 0.08584760874509811 17
1649341847606 0.07785248756408691 18
1649341849119 0.06992204487323761 19
1649341850618 0.07078924030065536 20
1649341852142 0.05922277644276619 21
1649341853648 0.059930361807346344 22
1649341855145 0.051011499017477036 23
1649341856672 0.0519324466586113 24
1649341858179 0.04799377918243408 25
1649341859695 0.04158422723412514 26
1649341861172 0.04110528901219368 27
1649341862679 0.03808541223406792 28
1649341864196 0.04391797259449959 29
