1649342618973 0.6479808688163757 0
1649342620521 0.7962273955345154 1
1649342622065 0.7962273955345154 2
1649342623589 0.7962273955345154 3
1649342625089 0.8079171180725098 4
1649342626582 0.8557385802268982 5
1649342628078 0.8607863783836365 6
1649342629561 0.8671625852584839 7
1649342631090 0.8812433481216431 8
1649342632608 0.8971838355064392 9
1649342634160 0.9109989404678345 10
1649342635663 0.928267776966095 11
1649342637186 0.9444739818572998 12
1649342638676 0.9543039202690125 13
1649342640161 0.9622741937637329 14
1649342641720 0.9609457850456238 15
1649342643209 0.9723697900772095 16
1649342644725 0.980074405670166 17
1649342646181 0.9790117144584656 18
1649342647663 0.9827311635017395 19
1649342649085 0.9821997880935669 20
1649342650628 0.9864506125450134 21
1649342652194 0.9875133037567139 22
1649342653665 0.9845908880233765 23
1649342655170 0.9851222038269043 24
1649342656666 0.9859192371368408 25
1649342658093 0.9872475862503052 26
1649342659591 0.9888416528701782 27
1649342661041 0.9901700615882874 28
1649342662507 0.9896386861801147 29
