1649342618973 0.6040156483650208 0
1649342620521 0.499590665102005 1
1649342622065 0.45894870162010193 2
1649342623589 0.42424264550209045 3
1649342625089 0.40320953726768494 4
1649342626582 0.38432493805885315 5
1649342628078 0.3533729314804077 6
1649342629561 0.3302812874317169 7
1649342631090 0.2997778356075287 8
1649342632608 0.27040785551071167 9
1649342634160 0.23784969747066498 10
1649342635663 0.19870048761367798 11
1649342637186 0.15889796614646912 12
1649342638676 0.13247369229793549 13
1649342640161 0.10945136845111847 14
1649342641720 0.1047104150056839 15
1649342643209 0.08264441043138504 16
1649342644725 0.06790558248758316 17
1649342646181 0.0650164857506752 18
1649342647663 0.05679803714156151 19
1649342649085 0.054671064019203186 20
1649342650628 0.04434742033481598 21
1649342652194 0.04346209764480591 22
1649342653665 0.04394499957561493 23
1649342655170 0.04533009231090546 24
1649342656666 0.045245472341775894 25
1649342658093 0.038311004638671875 26
1649342659591 0.03774724900722504 27
1649342661041 0.03397784382104874 28
1649342662507 0.03443547338247299 29
