1649342253624 0.6793305277824402 0
1649342255154 0.7962273955345154 1
1649342256695 0.7962273955345154 2
1649342258222 0.7962273955345154 3
1649342259730 0.7991498112678528 4
1649342261250 0.839798092842102 5
1649342262779 0.859723687171936 6
1649342264307 0.8700850009918213 7
1649342265817 0.8820403814315796 8
1649342267364 0.8950584530830383 9
1649342268880 0.9059511423110962 10
1649342270380 0.9200319051742554 11
1649342271854 0.9399574995040894 12
1649342273372 0.955100953578949 13
1649342274846 0.9598830938339233 14
1649342276379 0.9705101251602173 15
1649342277917 0.9702444076538086 16
1649342279468 0.974760890007019 17
1649342281000 0.9798086881637573 18
1649342282497 0.9814027547836304 19
1649342283952 0.9803400635719299 20
1649342285451 0.9859192371368408 21
1649342286969 0.9845908880233765 22
1649342288490 0.9837938547134399 23
1649342290014 0.9843251705169678 24
1649342291542 0.9859192371368408 25
1649342293032 0.9872475862503052 26
1649342294575 0.9896386861801147 27
1649342296101 0.9904357194900513 28
1649342297606 0.9901700615882874 29
