1649342253624 0.6031942963600159 0
1649342255154 0.491920530796051 1
1649342256695 0.4510526955127716 2
1649342258222 0.4222384989261627 3
1649342259730 0.4039914011955261 4
1649342261250 0.38897812366485596 5
1649342262779 0.3630150854587555 6
1649342264307 0.32916587591171265 7
1649342265817 0.29789626598358154 8
1649342267364 0.2703128159046173 9
1649342268880 0.24035319685935974 10
1649342270380 0.2096244990825653 11
1649342271854 0.17208144068717957 12
1649342273372 0.13609039783477783 13
1649342274846 0.11702454835176468 14
1649342276379 0.09089108556509018 15
1649342277917 0.08618183434009552 16
1649342279468 0.0750906765460968 17
1649342281000 0.058526016771793365 18
1649342282497 0.05850901082158089 19
1649342283952 0.06094169244170189 20
1649342285451 0.04921068996191025 21
1649342286969 0.05016189441084862 22
1649342288490 0.04757917299866676 23
1649342290014 0.04595695808529854 24
1649342291542 0.04349534958600998 25
1649342293032 0.0433710552752018 26
1649342294575 0.03697545826435089 27
1649342296101 0.03561659902334213 28
1649342297606 0.03308415412902832 29
