1649346709942 0.6474494934082031 0
1649346711575 0.7962273955345154 1
1649346713074 0.7962273955345154 2
1649346714570 0.7962273955345154 3
1649346716049 0.7980871200561523 4
1649346717536 0.8390010595321655 5
1649346719023 0.863177478313446 6
1649346720418 0.8706163763999939 7
1649346721895 0.881509006023407 8
1649346723403 0.8924016952514648 9
1649346724896 0.9109989404678345 10
1649346726360 0.9195005297660828 11
1649346727891 0.935175359249115 12
1649346729380 0.9503188133239746 13
1649346730888 0.9593517780303955 14
1649346732362 0.9665249586105347 15
1649346733837 0.9736981987953186 16
1649346735337 0.9715728163719177 17
1649346736820 0.9771519899368286 18
1649346738295 0.9811370968818665 19
1649346739815 0.9811370968818665 20
1649346741244 0.9848565459251404 21
1649346742719 0.9845908880233765 22
1649346744173 0.9845908880233765 23
1649346745692 0.9832624793052673 24
1649346747211 0.9875133037567139 25
1649346748770 0.9859192371368408 26
1649346750253 0.9880446195602417 27
1649346751752 0.9875133037567139 28
1649346753293 0.9872475862503052 29
