1649346709942 0.610103964805603 0
1649346711575 0.49644848704338074 1
1649346713074 0.4546279311180115 2
1649346714570 0.42788082361221313 3
1649346716049 0.4052852988243103 4
1649346717536 0.38848164677619934 5
1649346719023 0.35735899209976196 6
1649346720418 0.32532963156700134 7
1649346721895 0.3050018846988678 8
1649346723403 0.27092164754867554 9
1649346724896 0.24302637577056885 10
1649346726360 0.21605674922466278 11
1649346727891 0.183088481426239 12
1649346729380 0.15275047719478607 13
1649346730888 0.12068268656730652 14
1649346732362 0.10299564152956009 15
1649346733837 0.08076141029596329 16
1649346735337 0.0801701471209526 17
1649346736820 0.06406629830598831 18
1649346738295 0.06252190470695496 19
1649346739815 0.05753779411315918 20
1649346741244 0.052755359560251236 21
1649346742719 0.048777054995298386 22
1649346744173 0.047931771725416183 23
1649346745692 0.04728809371590614 24
1649346747211 0.04214518144726753 25
1649346748770 0.0421304926276207 26
1649346750253 0.039802394807338715 27
1649346751752 0.03671538829803467 28
1649346753293 0.03386036306619644 29
