1649346057277 0.7351222038269043 0
1649346058784 0.7962273955345154 1
1649346060282 0.7962273955345154 2
1649346061807 0.7962273955345154 3
1649346063330 0.8121678829193115 4
1649346064825 0.8544102311134338 5
1649346066349 0.86344313621521 6
1649346067872 0.8711476922035217 7
1649346069391 0.8854941725730896 8
1649346070915 0.8993092179298401 9
1649346072401 0.9104675650596619 10
1649346073905 0.9266737699508667 11
1649346075388 0.9359723925590515 12
1649346076908 0.9503188133239746 13
1649346078385 0.9638682007789612 14
1649346079857 0.9721041321754456 15
1649346081362 0.9689160585403442 16
1649346082874 0.9795430302619934 17
1649346084336 0.9763549566268921 18
1649346085863 0.9752922654151917 19
1649346087400 0.9848565459251404 20
1649346088901 0.9851222038269043 21
1649346090421 0.9861848950386047 22
1649346091908 0.9853878617286682 23
1649346093396 0.9853878617286682 24
1649346094924 0.9859192371368408 25
1649346096412 0.9880446195602417 26
1649346097907 0.9837938547134399 27
1649346099414 0.9859192371368408 28
1649346100921 0.9891073107719421 29
