1649346057277 0.582945704460144 0
1649346058784 0.4983688294887543 1
1649346060282 0.4553927183151245 2
1649346061807 0.42453378438949585 3
1649346063330 0.4001230001449585 4
1649346064825 0.3797714412212372 5
1649346066349 0.3490048944950104 6
1649346067872 0.3201562762260437 7
1649346069391 0.2940288484096527 8
1649346070915 0.2652207016944885 9
1649346072401 0.23487095534801483 10
1649346073905 0.20058968663215637 11
1649346075388 0.16833871603012085 12
1649346076908 0.14122407138347626 13
1649346078385 0.10897596180438995 14
1649346079857 0.0873202458024025 15
1649346081362 0.08171109110116959 16
1649346082874 0.0666162446141243 17
1649346084336 0.06678352504968643 18
1649346085863 0.06971084326505661 19
1649346087400 0.05684628710150719 20
1649346088901 0.04809907451272011 21
1649346090421 0.045505303889513016 22
1649346091908 0.045948758721351624 23
1649346093396 0.04328860342502594 24
1649346094924 0.04059898853302002 25
1649346096412 0.04005149006843567 26
1649346097907 0.04399673268198967 27
1649346099414 0.0357559509575367 28
1649346100921 0.03255423158407211 29
