1649342723188 0.7229011654853821 0
1649342724658 0.7962273955345154 1
1649342726183 0.7962273955345154 2
1649342727689 0.7962273955345154 3
1649342729201 0.8204038143157959 4
1649342730691 0.8599893450737 5
1649342732165 0.8663655519485474 6
1649342733640 0.8767268657684326 7
1649342735146 0.886822521686554 8
1649342736660 0.9014346599578857 9
1649342738153 0.9168437719345093 10
1649342739657 0.9269394278526306 11
1649342741147 0.9404888153076172 12
1649342742690 0.9535068869590759 13
1649342744169 0.9638682007789612 14
1649342745683 0.973166823387146 15
1649342747195 0.973166823387146 16
1649342748676 0.9787459969520569 17
1649342750205 0.9808714389801025 18
1649342751686 0.9845908880233765 19
1649342753134 0.9832624793052673 20
1649342754624 0.9843251705169678 21
1649342756124 0.9867162704467773 22
1649342757581 0.9869819283485413 23
1649342759068 0.9880446195602417 24
1649342760583 0.9891073107719421 25
1649342762114 0.9851222038269043 26
1649342763644 0.9899043440818787 27
1649342765163 0.9885759949684143 28
1649342766651 0.9877789616584778 29
