1649342723188 0.5899273157119751 0
1649342724658 0.5019286274909973 1
1649342726183 0.45489948987960815 2
1649342727689 0.4214151203632355 3
1649342729201 0.40061748027801514 4
1649342730691 0.37662047147750854 5
1649342732165 0.34878984093666077 6
1649342733640 0.3175106942653656 7
1649342735146 0.2902403473854065 8
1649342736660 0.257343590259552 9
1649342738153 0.2206769734621048 10
1649342739657 0.19408008456230164 11
1649342741147 0.16096754372119904 12
1649342742690 0.12672796845436096 13
1649342744169 0.10403286665678024 14
1649342745683 0.08040139824151993 15
1649342747195 0.07900979369878769 16
1649342748676 0.06826228648424149 17
1649342750205 0.060899846255779266 18
1649342751686 0.05105817690491676 19
1649342753134 0.05662878602743149 20
1649342754624 0.04771914333105087 21
1649342756124 0.04441043734550476 22
1649342757581 0.04547135904431343 23
1649342759068 0.04150035232305527 24
1649342760583 0.03355497121810913 25
1649342762114 0.041983943432569504 26
1649342763644 0.03521788492798805 27
1649342765163 0.03910394012928009 28
1649342766651 0.036592092365026474 29
