1649347820598 0.5458886027336121 0
1649347822171 0.7140583395957947 1
1649347823699 0.7525199055671692 2
1649347825234 0.7692307829856873 3
1649347826765 0.7830238938331604 4
1649347828314 0.8021219968795776 5
1649347829818 0.814854085445404 6
1649347831340 0.8241379261016846 7
1649347832784 0.845888614654541 8
1649347834334 0.8657824993133545 9
1649347835864 0.8809018731117249 10
1649347837387 0.9042440056800842 11
1649347838912 0.9177718758583069 12
1649347840455 0.9336870312690735 13
1649347841959 0.9458885788917542 14
1649347843460 0.941644549369812 15
1649347844954 0.9575597047805786 16
1649347846429 0.961273193359375 17
1649347847922 0.963660478591919 18
1649347849431 0.9652519822120667 19
1649347850928 0.9628646969795227 20
1649347852440 0.9676392674446106 21
1649347853956 0.9740052819252014 22
1649347855449 0.9782493114471436 23
1649347856909 0.9774535894393921 24
1649347858397 0.980901837348938 25
1649347859874 0.9840849041938782 26
1649347861322 0.9822281002998352 27
1649347862838 0.982758641242981 28
1649347864304 0.9806365966796875 29
