1649347820598 0.6824866533279419 0
1649347822171 0.5783401727676392 1
1649347823699 0.536115825176239 2
1649347825234 0.497428297996521 3
1649347826765 0.46943405270576477 4
1649347828314 0.4428395628929138 5
1649347829818 0.4130081236362457 6
1649347831340 0.3985845446586609 7
1649347832784 0.3632171154022217 8
1649347834334 0.3230428695678711 9
1649347835864 0.2910826504230499 10
1649347837387 0.2450769692659378 11
1649347838912 0.21256718039512634 12
1649347840455 0.1851624846458435 13
1649347841959 0.1476641595363617 14
1649347843460 0.1492873579263687 15
1649347844954 0.11483290791511536 16
1649347846429 0.11227679997682571 17
1649347847922 0.09716472774744034 18
1649347849431 0.0950518473982811 19
1649347850928 0.10087057948112488 20
1649347852440 0.08817465603351593 21
1649347853956 0.0760410949587822 22
1649347855449 0.062377482652664185 23
1649347856909 0.06362302601337433 24
1649347858397 0.0649438351392746 25
1649347859874 0.05490322783589363 26
1649347861322 0.058377258479595184 27
1649347862838 0.05066807568073273 28
1649347864304 0.05118938162922859 29
