1649346212046 0.7449522018432617 0
1649346213571 0.7962273955345154 1
1649346215080 0.7962273955345154 2
1649346216596 0.7962273955345154 3
1649346218097 0.8302338123321533 4
1649346219564 0.8575983047485352 5
1649346221083 0.8629118204116821 6
1649346222565 0.8772582411766052 7
1649346224083 0.8860254883766174 8
1649346225570 0.8985122442245483 9
1649346227110 0.9184378385543823 10
1649346228624 0.9314559102058411 11
1649346230096 0.9388948082923889 12
1649346231605 0.9452710151672363 13
1649346233093 0.9524441957473755 14
1649346234574 0.9675876498222351 15
1649346236018 0.9662593007087708 16
1649346237498 0.9755579233169556 17
1649346238999 0.9771519899368286 18
1649346240499 0.9806057214736938 19
1649346242008 0.9811370968818665 20
1649346243481 0.9856535792350769 21
1649346244944 0.9851222038269043 22
1649346246446 0.9880446195602417 23
1649346247939 0.9864506125450134 24
1649346249465 0.9867162704467773 25
1649346250984 0.9869819283485413 26
1649346252510 0.9869819283485413 27
1649346254049 0.9843251705169678 28
1649346255597 0.9861848950386047 29
