1649346212046 0.5909982919692993 0
1649346213571 0.49268028140068054 1
1649346215080 0.4512765109539032 2
1649346216596 0.4189088046550751 3
1649346218097 0.40028220415115356 4
1649346219564 0.36992862820625305 5
1649346221083 0.34166374802589417 6
1649346222565 0.31307607889175415 7
1649346224083 0.2947227954864502 8
1649346225570 0.2581166923046112 9
1649346227110 0.22037602961063385 10
1649346228624 0.19372279942035675 11
1649346230096 0.1734781265258789 12
1649346231605 0.154093936085701 13
1649346233093 0.12810279428958893 14
1649346234574 0.09682731330394745 15
1649346236018 0.09976187348365784 16
1649346237498 0.0815959945321083 17
1649346238999 0.06942424923181534 18
1649346240499 0.06099285930395126 19
1649346242008 0.06000291928648949 20
1649346243481 0.050063155591487885 21
1649346244944 0.05195431038737297 22
1649346246446 0.04186245799064636 23
1649346247939 0.04163115471601486 24
1649346249465 0.03754405304789543 25
1649346250984 0.04031946510076523 26
1649346252510 0.04139184206724167 27
1649346254049 0.047296054661273956 28
1649346255597 0.04156439006328583 29
