1649345490730 0.6950052976608276 0
1649345492290 0.7962273955345154 1
1649345493766 0.7962273955345154 2
1649345495283 0.7962273955345154 3
1649345496768 0.8071200847625732 4
1649345498252 0.8565356135368347 5
1649345499790 0.865037202835083 6
1649345501295 0.8764612078666687 7
1649345502793 0.886822521686554 8
1649345504285 0.8945270776748657 9
1649345505776 0.9104675650596619 10
1649345507267 0.9248140454292297 11
1649345508729 0.9386290907859802 12
1649345510174 0.9465993642807007 13
1649345511615 0.958554744720459 14
1649345513127 0.9710414409637451 15
1649345514557 0.9718384742736816 16
1649345516024 0.9774176478385925 17
1649345517502 0.9792773723602295 18
1649345518992 0.976620614528656 19
1649345520507 0.980074405670166 20
1649345521989 0.9811370968818665 21
1649345523481 0.9840595126152039 22
1649345524962 0.9869819283485413 23
1649345526437 0.9859192371368408 24
1649345527915 0.9845908880233765 25
1649345529370 0.9856535792350769 26
1649345530810 0.9867162704467773 27
1649345532310 0.9875133037567139 28
1649345533783 0.9899043440818787 29
