1649345490730 0.5925535559654236 0
1649345492290 0.4973672926425934 1
1649345493766 0.45490580797195435 2
1649345495283 0.4200578033924103 3
1649345496768 0.39573177695274353 4
1649345498252 0.3758513927459717 5
1649345499790 0.3512817919254303 6
1649345501295 0.31799378991127014 7
1649345502793 0.2901328206062317 8
1649345504285 0.2677046060562134 9
1649345505776 0.2315642088651657 10
1649345507267 0.20684035122394562 11
1649345508729 0.16816823184490204 12
1649345510174 0.14364439249038696 13
1649345511615 0.10952012240886688 14
1649345513127 0.08710301667451859 15
1649345514557 0.08025122433900833 16
1649345516024 0.06982821226119995 17
1649345517502 0.06534888595342636 18
1649345518992 0.06260602176189423 19
1649345520507 0.05832615867257118 20
1649345521989 0.05371428653597832 21
1649345523481 0.05474734306335449 22
1649345524962 0.04473532736301422 23
1649345526437 0.04866529628634453 24
1649345527915 0.04445914551615715 25
1649345529370 0.04174152389168739 26
1649345530810 0.04021904617547989 27
1649345532310 0.04460741579532623 28
1649345533783 0.03499791398644447 29
