1649342829758 0.6695005297660828 0
1649342831297 0.7962273955345154 1
1649342832839 0.7962273955345154 2
1649342834389 0.7962273955345154 3
1649342835889 0.8108395338058472 4
1649342837440 0.8565356135368347 5
1649342838947 0.858129620552063 6
1649342840446 0.87035071849823 7
1649342841970 0.8772582411766052 8
1649342843476 0.8939957618713379 9
1649342844964 0.9094048738479614 10
1649342846465 0.9205632209777832 11
1649342847956 0.9314559102058411 12
1649342849503 0.9471307396888733 13
1649342851008 0.958554744720459 14
1649342852500 0.9659936428070068 15
1649342854015 0.9718384742736816 16
1649342855459 0.9723697900772095 17
1649342856931 0.9744952321052551 18
1649342858425 0.9779489636421204 19
1649342859910 0.9803400635719299 20
1649342861405 0.981934130191803 21
1649342862838 0.9811370968818665 22
1649342864303 0.9827311635017395 23
1649342865824 0.9869819283485413 24
1649342867318 0.9827311635017395 25
1649342868829 0.9872475862503052 26
1649342870345 0.9867162704467773 27
1649342871853 0.9904357194900513 28
1649342873326 0.9899043440818787 29
