1649342829758 0.5957560539245605 0
1649342831297 0.5088694095611572 1
1649342832839 0.4676350951194763 2
1649342834389 0.42713072896003723 3
1649342835889 0.401749849319458 4
1649342837440 0.38578635454177856 5
1649342838947 0.35562679171562195 6
1649342840446 0.3282606303691864 7
1649342841970 0.30673524737358093 8
1649342843476 0.2786272466182709 9
1649342844964 0.24654367566108704 10
1649342846465 0.21698734164237976 11
1649342847956 0.1871211677789688 12
1649342849503 0.15845462679862976 13
1649342851008 0.12843114137649536 14
1649342852500 0.10948032140731812 15
1649342854015 0.08705873042345047 16
1649342855459 0.08709171414375305 17
1649342856931 0.07362790405750275 18
1649342858425 0.06622432917356491 19
1649342859910 0.06198646128177643 20
1649342861405 0.06190483272075653 21
1649342862838 0.056470323354005814 22
1649342864303 0.054147396236658096 23
1649342865824 0.045288242399692535 24
1649342867318 0.046695590019226074 25
1649342868829 0.041546039283275604 26
1649342870345 0.04508769512176514 27
1649342871853 0.03332934156060219 28
1649342873326 0.03735991567373276 29
