1649343957583 0.6899574995040894 0
1649343959103 0.7962273955345154 1
1649343960642 0.7962273955345154 2
1649343962168 0.7962273955345154 3
1649343963658 0.8039320111274719 4
1649343965190 0.8467056155204773 5
1649343966659 0.8637087941169739 6
1649343968181 0.8714134097099304 7
1649343969659 0.8839001059532166 8
1649343971143 0.8916046619415283 9
1649343972652 0.9128586649894714 10
1649343974150 0.9293305277824402 11
1649343975680 0.9418172240257263 12
1649343977170 0.9543039202690125 13
1649343978680 0.9654622673988342 14
1649343980192 0.9705101251602173 15
1649343981722 0.9776833057403564 16
1649343983228 0.9774176478385925 17
1649343984756 0.9790117144584656 18
1649343986253 0.9829968214035034 19
1649343987701 0.9814027547836304 20
1649343989167 0.9851222038269043 21
1649343990643 0.9832624793052673 22
1649343992202 0.9861848950386047 23
1649343993728 0.9867162704467773 24
1649343995219 0.9859192371368408 25
1649343996718 0.9880446195602417 26
1649343998226 0.9877789616584778 27
1649343999755 0.9883103370666504 28
1649344001235 0.9901700615882874 29
