1649343957583 0.6011863946914673 0
1649343959103 0.4904109239578247 1
1649343960642 0.45186251401901245 2
1649343962168 0.4234018623828888 3
1649343963658 0.40524062514305115 4
1649343965190 0.3853050470352173 5
1649343966659 0.3574545383453369 6
1649343968181 0.32895103096961975 7
1649343969659 0.30021387338638306 8
1649343971143 0.27027198672294617 9
1649343972652 0.23667845129966736 10
1649343974150 0.19550025463104248 11
1649343975680 0.16379417479038239 12
1649343977170 0.13044512271881104 13
1649343978680 0.09979425370693207 14
1649343980192 0.0819145143032074 15
1649343981722 0.07067806273698807 16
1649343983228 0.07195956259965897 17
1649343984756 0.0677352249622345 18
1649343986253 0.05435502529144287 19
1649343987701 0.05693512409925461 20
1649343989167 0.048549238592386246 21
1649343990643 0.05392330512404442 22
1649343992202 0.04558262974023819 23
1649343993728 0.039764154702425 24
1649343995219 0.04790566489100456 25
1649343996718 0.03518236428499222 26
1649343998226 0.033370889723300934 27
1649343999755 0.03343550115823746 28
1649344001235 0.028670044615864754 29
