1649324354575 0.7845377326011658 0
1649324373169 0.7962273955345154 1
1649324391810 0.7962273955345154 2
1649324411282 0.7962273955345154 3
1649324429327 0.800212562084198 4
1649324447838 0.8395324349403381 5
1649324466336 0.8637087941169739 6
1649324485379 0.8711476922035217 7
1649324504980 0.8839001059532166 8
1649324524061 0.890276312828064 9
1649324543376 0.9080765247344971 10
1649324562130 0.9176408052444458 11
1649324581792 0.9399574995040894 12
1649324600821 0.9529755711555481 13
1649324630524 0.9574920535087585 14
1649324662808 0.9718384742736816 15
1649324697657 0.9707757830619812 16
1649324738627 0.9752922654151917 17
1649324791090 0.9827311635017395 18
1649324909070 0.9824654459953308 19
1649325063630 0.9811370968818665 20
1649325171288 0.9880446195602417 21
1649325310594 0.9856535792350769 22
1649325352844 0.9829968214035034 23
1649325384998 0.9875133037567139 24
1649325417248 0.9880446195602417 25
1649325468780 0.9859192371368408 26
1649325513970 0.9872475862503052 27
1649325537572 0.9856535792350769 28
1649325556373 0.9867162704467773 29
