1649324354575 0.5842230916023254 0
1649324373169 0.49215787649154663 1
1649324391810 0.4528624415397644 2
1649324411282 0.425601065158844 3
1649324429327 0.4008041322231293 4
1649324447838 0.38379722833633423 5
1649324466336 0.35836485028266907 6
1649324485379 0.3284417390823364 7
1649324504980 0.29343345761299133 8
1649324524061 0.2703821063041687 9
1649324543376 0.23185887932777405 10
1649324562130 0.20518428087234497 11
1649324581792 0.16245900094509125 12
1649324600821 0.12836091220378876 13
1649324630524 0.11226197332143784 14
1649324662808 0.08122587203979492 15
1649324697657 0.08367100358009338 16
1649324738627 0.07062571495771408 17
1649324791090 0.05681738257408142 18
1649324909070 0.05867839977145195 19
1649325063630 0.055441126227378845 20
1649325171288 0.041975975036621094 21
1649325310594 0.047593049705028534 22
1649325352844 0.04875201731920242 23
1649325384998 0.040016405284404755 24
1649325417248 0.03648042306303978 25
1649325468780 0.04349987208843231 26
1649325513970 0.04132247343659401 27
1649325537572 0.041704464703798294 28
1649325556373 0.036074161529541016 29
