1649345686871 0.7956960797309875 0
1649345688400 0.7962273955345154 1
1649345689879 0.7962273955345154 2
1649345691355 0.7962273955345154 3
1649345692866 0.8018065690994263 4
1649345694388 0.841657817363739 5
1649345695873 0.8706163763999939 6
1649345697354 0.8751328587532043 7
1649345698852 0.8852284550666809 8
1649345700322 0.8990435600280762 9
1649345701777 0.9197661876678467 10
1649345703262 0.9325186014175415 11
1649345704749 0.9431455731391907 12
1649345706241 0.9503188133239746 13
1649345707745 0.9662593007087708 14
1649345709165 0.9758235812187195 15
1649345710647 0.9758235812187195 16
1649345712111 0.9774176478385925 17
1649345713594 0.9795430302619934 18
1649345715092 0.9816684126853943 19
1649345716569 0.9840595126152039 20
1649345718050 0.9808714389801025 21
1649345719528 0.9856535792350769 22
1649345721001 0.9867162704467773 23
1649345722453 0.9899043440818787 24
1649345723942 0.9875133037567139 25
1649345725426 0.9856535792350769 26
1649345726877 0.9877789616584778 27
1649345728357 0.9875133037567139 28
1649345729821 0.9880446195602417 29
