1649345686871 0.5691640973091125 0
1649345688400 0.47966015338897705 1
1649345689879 0.44882315397262573 2
1649345691355 0.4215479791164398 3
1649345692866 0.40085890889167786 4
1649345694388 0.38473138213157654 5
1649345695873 0.3526022136211395 6
1649345697354 0.32256659865379333 7
1649345698852 0.29044151306152344 8
1649345700322 0.2557333707809448 9
1649345701777 0.2214651256799698 10
1649345703262 0.18578001856803894 11
1649345704749 0.16101184487342834 12
1649345706241 0.1333758533000946 13
1649345707745 0.10038965940475464 14
1649345709165 0.07882123440504074 15
1649345710647 0.07680585980415344 16
1649345712111 0.062620609998703 17
1649345713594 0.06443565338850021 18
1649345715092 0.05672845616936684 19
1649345716569 0.05381649360060692 20
1649345718050 0.050169605761766434 21
1649345719528 0.04804450273513794 22
1649345721001 0.0419166162610054 23
1649345722453 0.03373940289020538 24
1649345723942 0.03897978737950325 25
1649345725426 0.04103286936879158 26
1649345726877 0.03632128983736038 27
1649345728357 0.03693344444036484 28
1649345729821 0.033789366483688354 29
