1649347899561 0.5456233620643616 0
1649347901077 0.6968169808387756 1
1649347902550 0.7464190721511841 2
1649347904103 0.7631299495697021 3
1649347905611 0.7864721417427063 4
1649347907135 0.7978779673576355 5
1649347908667 0.8164456486701965 6
1649347910177 0.8297082185745239 7
1649347911714 0.8477453589439392 8
1649347913217 0.8745357990264893 9
1649347914727 0.8787798285484314 10
1649347916202 0.8981432318687439 11
1649347917724 0.9172413945198059 12
1649347919244 0.9350132346153259 13
1649347920751 0.9413793087005615 14
1649347922249 0.9464191198348999 15
1649347923797 0.9570291638374329 16
1649347925312 0.9668434858322144 17
1649347926827 0.9676392674446106 18
1649347928365 0.9679045081138611 19
1649347929906 0.9700265526771545 20
1649347931442 0.9737400412559509 21
1649347932943 0.9753315448760986 22
1649347934478 0.9763925671577454 23
1649347936038 0.9758620858192444 24
1649347937548 0.9816976189613342 25
1649347939066 0.9814323782920837 26
1649347940571 0.9814323782920837 27
1649347942081 0.9843501448631287 28
1649347943569 0.9848806262016296 29
1649347978251 0.5928381681442261 0
1649347979784 0.7167108654975891 1
1649347981308 0.7472148537635803 2
1649347982815 0.768435001373291 3
1649347984362 0.777984082698822 4
1649347985915 0.7968170046806335 5
1649347987448 0.8175066113471985 6
1649347988987 0.8374005556106567 7
1649347990533 0.8567638993263245 8
1649347991995 0.8647214770317078 9
1649347993530 0.8687002658843994 10
1649347995040 0.8896551728248596 11
1649347996538 0.9068965315818787 12
1649347998062 0.9196286201477051 13
1649347999606 0.9374005198478699 14
1649348001136 0.9466843605041504 15
1649348002690 0.9474800825119019 16
1649348004210 0.9564986824989319 17
1649348005732 0.9671087265014648 18
1649348007254 0.9657825231552124 19
1649348008783 0.9705570340156555 20
1649348010345 0.9681697487831116 21
1649348011861 0.9745358228683472 22
1649348013372 0.9774535894393921 23
1649348014852 0.9763925671577454 24
1649348016364 0.980371356010437 25
1649348017896 0.9811671376228333 26
1649348019434 0.9816976189613342 27
1649348020952 0.9785146117210388 28
1649348022490 0.9814323782920837 29
1649348056972 0.5737400650978088 0
1649348058502 0.7108753323554993 1
1649348060042 0.7485411167144775 2
1649348061563 0.7700265049934387 3
1649348063047 0.7787798643112183 4
1649348064579 0.7893899083137512 5
1649348066088 0.8055703043937683 6
1649348067601 0.82732093334198 7
1649348069120 0.8580901622772217 8
1649348070599 0.8668435215950012 9
1649348072161 0.8917772173881531 10
1649348073680 0.90477454662323 11
1649348075193 0.9206896424293518 12
1649348076750 0.9281167387962341 13
1649348078273 0.9395225644111633 14
1649348079779 0.9514588713645935 15
1649348081263 0.9594164490699768 16
1649348082783 0.9591512084007263 17
1649348084275 0.9628646969795227 18
1649348085749 0.9665782451629639 19
1649348087270 0.9721485376358032 20
1649348088804 0.9755968451499939 21
1649348090328 0.9755968451499939 22
1649348091821 0.9774535894393921 23
1649348093348 0.9755968451499939 24
1649348094821 0.9774535894393921 25
1649348096324 0.9769230484962463 26
1649348097840 0.9793103337287903 27
1649348099361 0.9848806262016296 28
1649348100926 0.9856764078140259 29
1649348136147 0.529708206653595 0
1649348137684 0.721485435962677 1
1649348139148 0.7472148537635803 2
1649348140672 0.7721485495567322 3
1649348142222 0.7795755863189697 4
1649348143753 0.7909814119338989 5
1649348145284 0.8108753561973572 6
1649348146796 0.8371352553367615 7
1649348148303 0.8482758402824402 8
1649348149801 0.863660454750061 9
1649348151345 0.8877984285354614 10
1649348152825 0.902387261390686 11
1649348154360 0.9135278463363647 12
1649348155851 0.9307692050933838 13
1649348157361 0.9429708123207092 14
1649348158931 0.9466843605041504 15
1649348160425 0.9596816897392273 16
1649348161953 0.9618037343025208 17
1649348163461 0.963660478591919 18
1649348164980 0.9694960117340088 19
1649348166460 0.9774535894393921 20
1649348167968 0.9734748005867004 21
1649348169433 0.9726790189743042 22
1649348170966 0.9726790189743042 23
1649348172450 0.9753315448760986 24
1649348174000 0.9793103337287903 25
1649348175516 0.982758641242981 26
1649348177032 0.9816976189613342 27
1649348178545 0.9867374300956726 28
1649348180003 0.9846153855323792 29
1649348214819 0.5997347235679626 0
1649348216382 0.7289124727249146 1
1649348217905 0.7522546648979187 2
1649348219427 0.7718833088874817 3
1649348220975 0.7867373824119568 4
1649348222485 0.800000011920929 5
1649348224025 0.8161803483963013 6
1649348225543 0.8342174887657166 7
1649348227016 0.8456233143806458 8
1649348228525 0.866047739982605 9
1649348230015 0.8745357990264893 10
1649348231514 0.8901856541633606 11
1649348233024 0.8984084725379944 12
1649348234525 0.9116711020469666 13
1649348236050 0.9222811460494995 14
1649348237561 0.9360742568969727 15
1649348239087 0.9427055716514587 16
1649348240614 0.950663149356842 17
1649348242133 0.9514588713645935 18
1649348243711 0.963129997253418 19
1649348245237 0.9694960117340088 20
1649348246811 0.9689655303955078 21
1649348248345 0.9761273264884949 22
1649348249870 0.9724137783050537 23
1649348251384 0.9734748005867004 24
1649348252893 0.9779840707778931 25
1649348254431 0.9750663042068481 26
1649348255955 0.9766578078269958 27
1649348257485 0.9822281002998352 28
1649348258995 0.9785146117210388 29
1649348293926 0.5541114211082458 0
1649348295462 0.7265251874923706 1
1649348297012 0.7458885908126831 2
1649348298541 0.7649867534637451 3
1649348300083 0.7811670899391174 4
1649348301604 0.797612726688385 5
1649348303138 0.8119363188743591 6
1649348304669 0.8275862336158752 7
1649348306171 0.8450928330421448 8
1649348307677 0.8522546291351318 9
1649348309178 0.8697612881660461 10
1649348310681 0.8957559466362 11
1649348312213 0.911936342716217 12
1649348313755 0.9212201833724976 13
1649348315246 0.934482753276825 14
1649348316788 0.93156498670578 15
1649348318302 0.9453580975532532 16
1649348319810 0.9464191198348999 17
1649348321331 0.9623342156410217 18
1649348322844 0.9655172228813171 19
1649348324322 0.9676392674446106 20
1649348325826 0.971352756023407 21
1649348327348 0.9740052819252014 22
1649348328880 0.9777188301086426 23
1649348330405 0.9811671376228333 24
1649348331880 0.9779840707778931 25
1649348333341 0.9801061153411865 26
1649348334899 0.980901837348938 27
1649348336448 0.9848806262016296 28
1649348337899 0.9824933409690857 29
1649348372475 0.5408487915992737 0
1649348374008 0.7151193618774414 1
1649348375515 0.7514588832855225 2
1649348377040 0.76790452003479 3
1649348378530 0.7806366086006165 4
1649348380038 0.8013262748718262 5
1649348381579 0.8124668598175049 6
1649348383098 0.8278514742851257 7
1649348384626 0.8501326441764832 8
1649348386139 0.8700265288352966 9
1649348387700 0.8870026469230652 10
1649348389219 0.8999999761581421 11
1649348390742 0.9198939204216003 12
1649348392269 0.9318302273750305 13
1649348393817 0.9395225644111633 14
1649348395328 0.9541113972663879 15
1649348396826 0.9543766379356384 16
1649348398265 0.9663130044937134 17
1649348399795 0.9665782451629639 18
1649348401341 0.9734748005867004 19
1649348402863 0.9689655303955078 20
1649348404416 0.9716180562973022 21
1649348405891 0.9761273264884949 22
1649348407428 0.9745358228683472 23
1649348408912 0.9793103337287903 24
1649348410389 0.9806365966796875 25
1649348411934 0.9811671376228333 26
1649348413438 0.9806365966796875 27
1649348414965 0.9779840707778931 28
1649348416435 0.9830238819122314 29
1649348451769 0.5870026350021362 0
1649348453304 0.7275862097740173 1
1649348454813 0.7546418905258179 2
1649348456341 0.7676392793655396 3
1649348457836 0.7835543751716614 4
1649348459350 0.797612726688385 5
1649348460884 0.8151193857192993 6
1649348462385 0.8318302631378174 7
1649348463900 0.8541114330291748 8
1649348465362 0.8644562363624573 9
1649348466915 0.8771883249282837 10
1649348468458 0.9007957577705383 11
1649348469958 0.9190981388092041 12
1649348471498 0.9286472201347351 13
1649348473047 0.9387267827987671 14
1649348474545 0.9490716457366943 15
1649348476097 0.9567639231681824 16
1649348477537 0.963129997253418 17
1649348479003 0.9665782451629639 18
1649348480504 0.9718832969665527 19
1649348482046 0.9755968451499939 20
1649348483548 0.9755968451499939 21
1649348485016 0.9790450930595398 22
1649348486529 0.9785146117210388 23
1649348488042 0.9737400412559509 24
1649348489576 0.9795755743980408 25
1649348491076 0.9777188301086426 26
1649348492584 0.9801061153411865 27
1649348494074 0.9824933409690857 28
1649348495583 0.9819628596305847 29
1649348530828 0.567904531955719 0
1649348532398 0.7172414064407349 1
1649348533966 0.7440318465232849 2
1649348535532 0.770822286605835 3
1649348537087 0.780371367931366 4
1649348538658 0.7994694709777832 5
1649348540216 0.8018567562103271 6
1649348541755 0.8315649628639221 7
1649348543281 0.8466843366622925 8
1649348544782 0.8679044842720032 9
1649348546305 0.8846153616905212 10
1649348547754 0.8978779911994934 11
1649348549255 0.9175066351890564 12
1649348550807 0.9106100797653198 13
1649348552332 0.9289124608039856 14
1649348553869 0.9381963014602661 15
1649348555393 0.9464191198348999 16
1649348556848 0.9514588713645935 17
1649348558380 0.960742712020874 18
1649348559908 0.9684349894523621 19
1649348561445 0.9671087265014648 20
1649348563007 0.9740052819252014 21
1649348564517 0.9734748005867004 22
1649348566079 0.9761273264884949 23
1649348567633 0.9782493114471436 24
1649348569147 0.979840874671936 25
1649348570682 0.9824933409690857 26
1649348572187 0.9822281002998352 27
1649348573694 0.9851458668708801 28
1649348575224 0.9822281002998352 29
