1649347899561 0.6837038993835449 0
1649347901077 0.5854361653327942 1
1649347902550 0.5370181798934937 2
1649347904103 0.5006381273269653 3
1649347905611 0.47509658336639404 4
1649347907135 0.4484891891479492 5
1649347908667 0.41730713844299316 6
1649347910177 0.3871975243091583 7
1649347911714 0.3587973117828369 8
1649347913217 0.31315815448760986 9
1649347914727 0.2920639216899872 10
1649347916202 0.25742706656455994 11
1649347917724 0.21454812586307526 12
1649347919244 0.1803089827299118 13
1649347920751 0.15304577350616455 14
1649347922249 0.13825377821922302 15
1649347923797 0.12153754383325577 16
1649347925312 0.09902182221412659 17
1649347926827 0.09209831058979034 18
1649347928365 0.08761082589626312 19
1649347929906 0.08454571664333344 20
1649347931442 0.07333587855100632 21
1649347932943 0.07147025316953659 22
1649347934478 0.07152001559734344 23
1649347936038 0.06873178482055664 24
1649347937548 0.05679582804441452 25
1649347939066 0.05241202563047409 26
1649347940571 0.05765131860971451 27
1649347942081 0.05127870664000511 28
1649347943569 0.04287489131093025 29
1649347978251 0.675966203212738 0
1649347979784 0.5735601782798767 1
1649347981308 0.5251507759094238 2
1649347982815 0.4970104992389679 3
1649347984362 0.47032681107521057 4
1649347985915 0.4450984299182892 5
1649347987448 0.4138416051864624 6
1649347988987 0.38453197479248047 7
1649347990533 0.34777119755744934 8
1649347991995 0.32171791791915894 9
1649347993530 0.30769649147987366 10
1649347995040 0.2649880051612854 11
1649347996538 0.2298063486814499 12
1649347998062 0.20393909513950348 13
1649347999606 0.1647110879421234 14
1649348001136 0.14630533754825592 15
1649348002690 0.13226483762264252 16
1649348004210 0.11231181025505066 17
1649348005732 0.08766777068376541 18
1649348007254 0.08954065293073654 19
1649348008783 0.08693145960569382 20
1649348010345 0.0927971825003624 21
1649348011861 0.08248810470104218 22
1649348013372 0.07475100457668304 23
1649348014852 0.07058361917734146 24
1649348016364 0.0595482736825943 25
1649348017896 0.05945495516061783 26
1649348019434 0.05499722436070442 27
1649348020952 0.060548458248376846 28
1649348022490 0.055199336260557175 29
1649348056972 0.6793826222419739 0
1649348058502 0.5786138772964478 1
1649348060042 0.5297004580497742 2
1649348061563 0.4979250729084015 3
1649348063047 0.47487127780914307 4
1649348064579 0.447679728269577 5
1649348066088 0.42050445079803467 6
1649348067601 0.38587766885757446 7
1649348069120 0.346466988325119 8
1649348070599 0.3229876756668091 9
1649348072161 0.27686601877212524 10
1649348073680 0.2349548041820526 11
1649348075193 0.20108503103256226 12
1649348076750 0.17954838275909424 13
1649348078273 0.15130634605884552 14
1649348079779 0.13063478469848633 15
1649348081263 0.1140684261918068 16
1649348082783 0.10570146888494492 17
1649348084275 0.10102641582489014 18
1649348085749 0.08773520588874817 19
1649348087270 0.07588352262973785 20
1649348088804 0.07561411708593369 21
1649348090328 0.06885389983654022 22
1649348091821 0.06292658299207687 23
1649348093348 0.06635197252035141 24
1649348094821 0.06291455775499344 25
1649348096324 0.06562241911888123 26
1649348097840 0.06317539513111115 27
1649348099361 0.048762980848550797 28
1649348100926 0.041113585233688354 29
1649348136147 0.6856295466423035 0
1649348137684 0.5918857455253601 1
1649348139148 0.5418638586997986 2
1649348140672 0.4986684322357178 3
1649348142222 0.47832947969436646 4
1649348143753 0.4514427185058594 5
1649348145284 0.42190009355545044 6
1649348146796 0.3868037760257721 7
1649348148303 0.35577285289764404 8
1649348149801 0.32157453894615173 9
1649348151345 0.2818376123905182 10
1649348152825 0.24293500185012817 11
1649348154360 0.21605901420116425 12
1649348155851 0.17480237782001495 13
1649348157361 0.15404799580574036 14
1649348158931 0.1384350061416626 15
1649348160425 0.11351048946380615 16
1649348161953 0.10189511626958847 17
1649348163461 0.09849754720926285 18
1649348164980 0.0888466015458107 19
1649348166460 0.06851673126220703 20
1649348167968 0.07321488112211227 21
1649348169433 0.07575500756502151 22
1649348170966 0.07409452646970749 23
1649348172450 0.06643366068601608 24
1649348174000 0.06427592784166336 25
1649348175516 0.05502031743526459 26
1649348177032 0.05354047939181328 27
1649348178545 0.04189174622297287 28
1649348180003 0.04303937405347824 29
1649348214819 0.6740226745605469 0
1649348216382 0.5672452449798584 1
1649348217905 0.5180573463439941 2
1649348219427 0.4918535053730011 3
1649348220975 0.46415066719055176 4
1649348222485 0.4402800500392914 5
1649348224025 0.4097800850868225 6
1649348225543 0.38678082823753357 7
1649348227016 0.3603770136833191 8
1649348228525 0.3205861449241638 9
1649348230015 0.3057294189929962 10
1649348231514 0.2662787139415741 11
1649348233024 0.251696914434433 12
1649348234525 0.22147342562675476 13
1649348236050 0.19333527982234955 14
1649348237561 0.16705836355686188 15
1649348239087 0.14788450300693512 16
1649348240614 0.12968268990516663 17
1649348242133 0.12366694957017899 18
1649348243711 0.09979518502950668 19
1649348245237 0.08948252350091934 20
1649348246811 0.09389054030179977 21
1649348248345 0.0757564827799797 22
1649348249870 0.08097002655267715 23
1649348251384 0.07612490653991699 24
1649348252893 0.06550978869199753 25
1649348254431 0.070417620241642 26
1649348255955 0.06805664300918579 27
1649348257485 0.05600220710039139 28
1649348258995 0.05886401981115341 29
1649348293926 0.6834516525268555 0
1649348295462 0.5830771923065186 1
1649348297012 0.5448569059371948 2
1649348298541 0.5035247206687927 3
1649348300083 0.4817028045654297 4
1649348301604 0.4483683407306671 5
1649348303138 0.42258787155151367 6
1649348304669 0.40145671367645264 7
1649348306171 0.3659037947654724 8
1649348307677 0.3392990529537201 9
1649348309178 0.31444862484931946 10
1649348310681 0.2654348611831665 11
1649348312213 0.22954943776130676 12
1649348313755 0.20683728158473969 13
1649348315246 0.17445458471775055 14
1649348316788 0.16837169229984283 15
1649348318302 0.14483962953090668 16
1649348319810 0.13793987035751343 17
1649348321331 0.11169739812612534 18
1649348322844 0.09737593680620193 19
1649348324322 0.09104450047016144 20
1649348325826 0.08242249488830566 21
1649348327348 0.07364901900291443 22
1649348328880 0.07312385737895966 23
1649348330405 0.05654726177453995 24
1649348331880 0.060050684958696365 25
1649348333341 0.062445610761642456 26
1649348334899 0.0537463016808033 27
1649348336448 0.04950827360153198 28
1649348337899 0.05097223445773125 29
1649348372475 0.6813995242118835 0
1649348374008 0.5847048163414001 1
1649348375515 0.5334604978561401 2
1649348377040 0.49675217270851135 3
1649348378530 0.47632426023483276 4
1649348380038 0.4499765634536743 5
1649348381579 0.420494019985199 6
1649348383098 0.3948095142841339 7
1649348384626 0.3562006652355194 8
1649348386139 0.3105975389480591 9
1649348387700 0.2725529670715332 10
1649348389219 0.2431991994380951 11
1649348390742 0.20919698476791382 12
1649348392269 0.17621703445911407 13
1649348393817 0.15912538766860962 14
1649348395328 0.12409301847219467 15
1649348396826 0.1229022741317749 16
1649348398265 0.10145100206136703 17
1649348399795 0.0897221714258194 18
1649348401341 0.08189669251441956 19
1649348402863 0.09140574187040329 20
1649348404416 0.07894691824913025 21
1649348405891 0.07360022515058517 22
1649348407428 0.07307138293981552 23
1649348408912 0.06626343727111816 24
1649348410389 0.05997757986187935 25
1649348411934 0.05606631189584732 26
1649348413438 0.06193598359823227 27
1649348414965 0.06876183301210403 28
1649348416435 0.05250050500035286 29
1649348451769 0.6723026633262634 0
1649348453304 0.5595477819442749 1
1649348454813 0.5282081961631775 2
1649348456341 0.4994392395019531 3
1649348457836 0.46955418586730957 4
1649348459350 0.4394581615924835 5
1649348460884 0.41279083490371704 6
1649348462385 0.37802863121032715 7
1649348463900 0.34891942143440247 8
1649348465362 0.3297312557697296 9
1649348466915 0.2888519763946533 10
1649348468458 0.2552303671836853 11
1649348469958 0.21098728477954865 12
1649348471498 0.18404825031757355 13
1649348473047 0.1636023223400116 14
1649348474545 0.1360432207584381 15
1649348476097 0.1263127326965332 16
1649348477537 0.10872258991003036 17
1649348479003 0.09972542524337769 18
1649348480504 0.08921418339014053 19
1649348482046 0.08008596301078796 20
1649348483548 0.07218698412179947 21
1649348485016 0.06357454508543015 22
1649348486529 0.06823750585317612 23
1649348488042 0.0751398578286171 24
1649348489576 0.0650806799530983 25
1649348491076 0.06515341997146606 26
1649348492584 0.06432309001684189 27
1649348494074 0.052568163722753525 28
1649348495583 0.05191090330481529 29
1649348530828 0.6793129444122314 0
1649348532398 0.5840902328491211 1
1649348533966 0.536973237991333 2
1649348535532 0.4987921714782715 3
1649348537087 0.4775264263153076 4
1649348538658 0.44974732398986816 5
1649348540216 0.4282701313495636 6
1649348541755 0.3925178349018097 7
1649348543281 0.3641873300075531 8
1649348544782 0.3245105445384979 9
1649348546305 0.28860020637512207 10
1649348547754 0.25790032744407654 11
1649348549255 0.21506986021995544 12
1649348550807 0.21831099689006805 13
1649348552332 0.18591651320457458 14
1649348553869 0.16773001849651337 15
1649348555393 0.14222700893878937 16
1649348556848 0.12731991708278656 17
1649348558380 0.11000408977270126 18
1649348559908 0.09461002796888351 19
1649348561445 0.09587688744068146 20
1649348563007 0.08013039082288742 21
1649348564517 0.07651274651288986 22
1649348566079 0.06786466389894485 23
1649348567633 0.06613104790449142 24
1649348569147 0.06310867518186569 25
1649348570682 0.0573481060564518 26
1649348572187 0.04949675500392914 27
1649348573694 0.045897264033555984 28
1649348575224 0.05596591904759407 29
