1649342395482 0.6503719687461853 0
1649342397008 0.7962273955345154 1
1649342398507 0.7962273955345154 2
1649342400050 0.7962273955345154 3
1649342401555 0.7970244288444519 4
1649342403047 0.8443145751953125 5
1649342404525 0.8583953380584717 6
1649342406029 0.868490993976593 7
1649342407488 0.8799149990081787 8
1649342409001 0.8926673531532288 9
1649342410533 0.9112645983695984 10
1649342412033 0.9224229454994202 11
1649342413562 0.9396918416023254 12
1649342415046 0.9487247467041016 13
1649342416564 0.9553666114807129 14
1649342418046 0.9683846831321716 15
1649342419575 0.9699787497520447 16
1649342421090 0.9771519899368286 17
1649342422543 0.9798086881637573 18
1649342424035 0.981934130191803 19
1649342425562 0.981934130191803 20
1649342427054 0.9808714389801025 21
1649342428545 0.9827311635017395 22
1649342430034 0.9848565459251404 23
1649342431538 0.9883103370666504 24
1649342433039 0.9888416528701782 25
1649342434527 0.9864506125450134 26
1649342436043 0.9867162704467773 27
1649342437536 0.9880446195602417 28
1649342439024 0.9883103370666504 29
