1649342395482 0.6029304265975952 0
1649342397008 0.5114670395851135 1
1649342398507 0.4608858823776245 2
1649342400050 0.42724427580833435 3
1649342401555 0.40632790327072144 4
1649342403047 0.3851911425590515 5
1649342404525 0.3638550341129303 6
1649342406029 0.3346761167049408 7
1649342407488 0.30631718039512634 8
1649342409001 0.2752723693847656 9
1649342410533 0.24257606267929077 10
1649342412033 0.20649881660938263 11
1649342413562 0.17558804154396057 12
1649342415046 0.14936043322086334 13
1649342416564 0.11476650089025497 14
1649342418046 0.09961254149675369 15
1649342419575 0.085309699177742 16
1649342421090 0.07508581876754761 17
1649342422543 0.06295931339263916 18
1649342424035 0.057620733976364136 19
1649342425562 0.057822730392217636 20
1649342427054 0.06021726503968239 21
1649342428545 0.05858737602829933 22
1649342430034 0.0532735139131546 23
1649342431538 0.04293138161301613 24
1649342433039 0.036123983561992645 25
1649342434527 0.04261036217212677 26
1649342436043 0.036656465381383896 27
1649342437536 0.03162962943315506 28
1649342439024 0.03671852871775627 29
