1649342503614 0.7731137275695801 0
1649342505142 0.7962273955345154 1
1649342506655 0.7962273955345154 2
1649342508160 0.7962273955345154 3
1649342509584 0.8350159525871277 4
1649342511090 0.8525505065917969 5
1649342512577 0.8589266538619995 6
1649342514080 0.87035071849823 7
1649342515628 0.8793836236000061 8
1649342517168 0.8934643864631653 9
1649342518700 0.9056854248046875 10
1649342520219 0.9181721806526184 11
1649342521728 0.9256110787391663 12
1649342523222 0.9452710151672363 13
1649342524706 0.9596174359321594 14
1649342526223 0.9601487517356873 15
1649342527716 0.9553666114807129 16
1649342529229 0.9705101251602173 17
1649342530751 0.9744952321052551 18
1649342532249 0.9774176478385925 19
1649342533740 0.9811370968818665 20
1649342535263 0.9829968214035034 21
1649342536773 0.9843251705169678 22
1649342538261 0.9832624793052673 23
1649342539770 0.9867162704467773 24
1649342541261 0.9885759949684143 25
1649342542768 0.9859192371368408 26
1649342544267 0.9888416528701782 27
1649342545772 0.9888416528701782 28
1649342547293 0.9875133037567139 29
