1649342503614 0.5783647298812866 0
1649342505142 0.49027785658836365 1
1649342506655 0.4520789682865143 2
1649342508160 0.42082491517066956 3
1649342509584 0.4017370045185089 4
1649342511090 0.3771423399448395 5
1649342512577 0.35323476791381836 6
1649342514080 0.3312385678291321 7
1649342515628 0.30264008045196533 8
1649342517168 0.2805037498474121 9
1649342518700 0.2521422207355499 10
1649342520219 0.21927671134471893 11
1649342521728 0.1992068737745285 12
1649342523222 0.15810024738311768 13
1649342524706 0.12480727583169937 14
1649342526223 0.10856737941503525 15
1649342527716 0.11166955530643463 16
1649342529229 0.07981947064399719 17
1649342530751 0.07340239733457565 18
1649342532249 0.07036168873310089 19
1649342533740 0.06094715744256973 20
1649342535263 0.05705281347036362 21
1649342536773 0.043946273624897 22
1649342538261 0.04399498924612999 23
1649342539770 0.042402178049087524 24
1649342541261 0.04014899954199791 25
1649342542768 0.04226809740066528 26
1649342544267 0.03378572687506676 27
1649342545772 0.034468866884708405 28
1649342547293 0.041781000792980194 29
