1649339918043 0.6732199788093567 0
1649339936064 0.7962273955345154 1
1649339954438 0.7962273955345154 2
1649339973248 0.7962273955345154 3
1649339993604 0.7962273955345154 4
1649340013384 0.8259829878807068 5
1649340032214 0.8583953380584717 6
1649340051297 0.8658342361450195 7
1649340069483 0.8714134097099304 8
1649340088608 0.8836344480514526 9
1649340107190 0.8977152109146118 10
1649340126094 0.909936249256134 11
1649340145749 0.929861843585968 12
1649340164125 0.9412858486175537 13
1649340182741 0.956695020198822 14
1649340202023 0.960414469242096 15
1649340219858 0.9625398516654968 16
1649340238675 0.9721041321754456 17
1649340256644 0.9736981987953186 18
1649340274918 0.9779489636421204 19
1649340293545 0.9808714389801025 20
1649340311388 0.9829968214035034 21
1649340329937 0.9843251705169678 22
1649340348422 0.9859192371368408 23
1649340367520 0.9869819283485413 24
1649340385874 0.9877789616584778 25
1649340404201 0.9896386861801147 26
1649340423296 0.9885759949684143 27
1649340441512 0.9896386861801147 28
1649340459779 0.9904357194900513 29
