1649339918043 0.5897964835166931 0
1649339936064 0.5231156349182129 1
1649339954438 0.47534438967704773 2
1649339973248 0.43273457884788513 3
1649339993604 0.414225697517395 4
1649340013384 0.39900821447372437 5
1649340032214 0.37315449118614197 6
1649340051297 0.3473532199859619 7
1649340069483 0.32435545325279236 8
1649340088608 0.298002153635025 9
1649340107190 0.2673588693141937 10
1649340126094 0.23950928449630737 11
1649340145749 0.19692368805408478 12
1649340164125 0.166020929813385 13
1649340182741 0.13200587034225464 14
1649340202023 0.11638668179512024 15
1649340219858 0.10879936814308167 16
1649340238675 0.0818110927939415 17
1649340256644 0.07315745204687119 18
1649340274918 0.06942829489707947 19
1649340293545 0.05814920738339424 20
1649340311388 0.05309794843196869 21
1649340329937 0.05061165615916252 22
1649340348422 0.04610097408294678 23
1649340367520 0.044545553624629974 24
1649340385874 0.04077793285250664 25
1649340404201 0.036361802369356155 26
1649340423296 0.03685827925801277 27
1649340441512 0.033733196556568146 28
1649340459779 0.03284432366490364 29
