1649346366269 0.6801275014877319 0
1649346367799 0.7962273955345154 1
1649346369326 0.7962273955345154 2
1649346370809 0.7962273955345154 3
1649346372253 0.8124336004257202 4
1649346373721 0.8560042381286621 5
1649346375220 0.8695536851882935 6
1649346376749 0.8828374147415161 7
1649346378208 0.884962797164917 8
1649346379685 0.9035600423812866 9
1649346381179 0.9163124561309814 10
1649346382681 0.9343783259391785 11
1649346384194 0.9444739818572998 12
1649346385657 0.951381504535675 13
1649346387143 0.9651966094970703 14
1649346388611 0.9686504006385803 15
1649346390080 0.9705101251602173 16
1649346391543 0.9760892391204834 17
1649346393078 0.9798086881637573 18
1649346394565 0.980074405670166 19
1649346396028 0.9843251705169678 20
1649346397531 0.9829968214035034 21
1649346399054 0.9829968214035034 22
1649346400538 0.9845908880233765 23
1649346402069 0.9872475862503052 24
1649346403536 0.9872475862503052 25
1649346405034 0.9859192371368408 26
1649346406511 0.9885759949684143 27
1649346407985 0.9883103370666504 28
1649346409497 0.9899043440818787 29
