1649346366269 0.5979288220405579 0
1649346367799 0.493775874376297 1
1649346369326 0.45297321677207947 2
1649346370809 0.42319855093955994 3
1649346372253 0.39944988489151 4
1649346373721 0.3797973096370697 5
1649346375220 0.34936413168907166 6
1649346376749 0.3138646185398102 7
1649346378208 0.2887175977230072 8
1649346379685 0.2530204653739929 9
1649346381179 0.22406618297100067 10
1649346382681 0.18449659645557404 11
1649346384194 0.14873380959033966 12
1649346385657 0.1273782104253769 13
1649346387143 0.10308323055505753 14
1649346388611 0.09597710520029068 15
1649346390080 0.07999425381422043 16
1649346391543 0.07389792799949646 17
1649346393078 0.05833053216338158 18
1649346394565 0.057020414620637894 19
1649346396028 0.05016026273369789 20
1649346397531 0.05346212908625603 21
1649346399054 0.051434580236673355 22
1649346400538 0.04587657377123833 23
1649346402069 0.04234151914715767 24
1649346403536 0.04558628052473068 25
1649346405034 0.03583259880542755 26
1649346406511 0.03529846668243408 27
1649346407985 0.035597823560237885 28
1649346409497 0.032501041889190674 29
