1649345901953 0.7523910999298096 0
1649345903481 0.7962273955345154 1
1649345904999 0.7962273955345154 2
1649345906527 0.7962273955345154 3
1649345908015 0.8304994702339172 4
1649345909511 0.8573326468467712 5
1649345911016 0.866631269454956 6
1649345912527 0.8775238990783691 7
1649345914023 0.8854941725730896 8
1649345915532 0.9059511423110962 9
1649345917027 0.9179064631462097 10
1649345918550 0.9269394278526306 11
1649345920055 0.9367693662643433 12
1649345921575 0.9428799152374268 13
1649345923091 0.9564293026924133 14
1649345924603 0.9636025428771973 15
1649345926172 0.974760890007019 16
1649345927672 0.9774176478385925 17
1649345929204 0.980074405670166 18
1649345930670 0.9816684126853943 19
1649345932197 0.9827311635017395 20
1649345933661 0.9859192371368408 21
1649345935157 0.9824654459953308 22
1649345936694 0.9877789616584778 23
1649345938211 0.9877789616584778 24
1649345939727 0.9885759949684143 25
1649345941223 0.9851222038269043 26
1649345942754 0.9877789616584778 27
1649345944257 0.9899043440818787 28
1649345945762 0.9909670352935791 29
