1649345901953 0.5845754146575928 0
1649345903481 0.4853953421115875 1
1649345904999 0.4456808269023895 2
1649345906527 0.41883403062820435 3
1649345908015 0.39200419187545776 4
1649345909511 0.36691513657569885 5
1649345911016 0.33398082852363586 6
1649345912527 0.31133657693862915 7
1649345914023 0.28382641077041626 8
1649345915532 0.24951496720314026 9
1649345917027 0.21940730512142181 10
1649345918550 0.19483432173728943 11
1649345920055 0.1679539680480957 12
1649345921575 0.15061064064502716 13
1649345923091 0.12283270061016083 14
1649345924603 0.10061776638031006 15
1649345926172 0.07788728177547455 16
1649345927672 0.07332126796245575 17
1649345929204 0.064151830971241 18
1649345930670 0.05225924775004387 19
1649345932197 0.058218490332365036 20
1649345933661 0.05097367241978645 21
1649345935157 0.04948803782463074 22
1649345936694 0.04425624758005142 23
1649345938211 0.039787136018276215 24
1649345939727 0.03918248787522316 25
1649345941223 0.03804492577910423 26
1649345942754 0.03714676946401596 27
1649345944257 0.03179411217570305 28
1649345945762 0.02992859296500683 29
